WER: 0.5621761658031088
CER: 0.244299128101945