WER: 0.39896373056994816
CER: 0.16700201207243462