WER: 0.4637305699481865
CER: 0.21428571428571427
